==============================================================================
[A] 高度跳变>5px 的帧 是否就是 多框帧?
==============================================================================
  多框帧: 47   高度跳变>5px 帧: 47
  两者交集: 1   多框帧中发生跳变: 1/47
  跳变帧但不是多框帧: [291, 678, 840, 852, 870, 871, 873, 882, 894, 942, 945, 946, 947, 949, 952, 953, 955, 957, 959, 961, 962, 968, 973, 975, 977, 982, 984, 991, 994, 999, 1041, 1042, 1043, 1050, 1385, 1423, 1435, 1438, 1439, 1494, 1513, 1518, 1548, 1723, 1731, 1735]

==============================================================================
[B] 帧 1100-1210 (36.7s-40.3s) 逐帧: RB 最高分 / 框位置 / EF,SP
==============================================================================
      帧      t  RBbest             RB框(x1,y1,x2,y2)      h     w     EF     SP
   1100  36.67   0.771          [399, 49, 440, 257]    207    41  0.000  0.000
   1101  36.70   0.775          [399, 49, 440, 257]    208    42  0.000  0.000
   1102  36.73   0.773          [399, 49, 440, 257]    208    41  0.000  0.000
   1103  36.77   0.773          [399, 49, 440, 257]    207    42  0.000  0.000
   1104  36.80   0.769          [399, 49, 440, 256]    207    42  0.000  0.000
   1105  36.83   0.766          [399, 49, 440, 256]    207    42  0.000  0.000
   1106  36.87   0.768          [399, 49, 441, 255]    206    42  0.000  0.000
   1107  36.90   0.758          [399, 51, 441, 255]    204    42  0.000  0.000
   1108  36.93   0.758          [399, 51, 440, 255]    204    42  0.000  0.000
   1109  36.97   0.750          [399, 51, 440, 255]    204    41  0.000  0.000
   1110  37.00   0.715          [399, 51, 440, 255]    204    41  0.000  0.000
   1111  37.03   0.707          [399, 51, 440, 253]    203    42  0.000  0.000
   1112  37.07   0.659          [399, 49, 440, 251]    202    41  0.000  0.000
   1113  37.10   0.643          [399, 49, 440, 251]    202    41  0.000  0.000
   1114  37.13   0.604          [399, 50, 441, 252]    202    42  0.000  0.000
   1115  37.17   0.690          [399, 49, 440, 252]    203    41  0.000  0.000
   1116  37.20   0.684          [399, 49, 440, 252]    203    41  0.000  0.000
   1117  37.23   0.691          [399, 49, 440, 252]    203    41  0.000  0.000
   1118  37.27   0.694          [399, 49, 440, 252]    203    41  0.000  0.000
   1119  37.30   0.705          [400, 49, 440, 252]    203    41  0.000  0.000
   1120  37.33   0.711          [399, 49, 440, 252]    203    41  0.000  0.000
   1121  37.37   0.707          [400, 49, 440, 252]    203    41  0.000  0.000
   1122  37.40   0.656          [400, 49, 440, 251]    202    41  0.000  0.000
   1123  37.43   0.645          [399, 51, 441, 253]    202    41  0.000  0.000
   1124  37.47   0.649          [399, 51, 441, 253]    202    41  0.000  0.000
   1125  37.50   0.646          [399, 51, 440, 253]    202    41  0.000  0.000
   1126  37.53   0.655          [399, 51, 441, 253]    202    41  0.000  0.000
   1127  37.57   0.610          [400, 50, 440, 252]    201    40  0.000  0.000
   1128  37.60   0.585          [400, 50, 440, 251]    201    40  0.000  0.000
   1129  37.63   0.587          [400, 50, 440, 251]    201    40  0.000  0.000
   1130  37.67   0.552          [400, 50, 439, 250]    200    40  0.000  0.000
   1131  37.70   0.571          [400, 51, 439, 250]    199    39  0.000  0.000
   1132  37.73   0.536          [400, 49, 439, 249]    199    39  0.000  0.000
   1133  37.77   0.555          [400, 51, 439, 249]    198    39  0.000  0.000
   1134  37.80   0.537          [400, 51, 439, 249]    199    39  0.000  0.000
   1135  37.83   0.575          [400, 51, 439, 248]    197    39  0.000  0.000
   1136  37.87   0.580          [400, 51, 439, 247]    196    39  0.000  0.000
   1137  37.90   0.640          [399, 51, 439, 248]    196    39  0.000  0.000
   1138  37.93   0.566          [399, 52, 438, 247]    195    39  0.000  0.000
   1139  37.97   0.500          [399, 49, 438, 248]    199    38  0.000  0.000
   1140  38.00   0.513          [399, 49, 437, 249]    200    38  0.000  0.000
   1141  38.03   0.550          [399, 49, 437, 249]    200    38  0.000  0.000
   1142  38.07   0.551          [399, 49, 437, 249]    200    38  0.000  0.000
   1143  38.10   0.584          [399, 49, 438, 251]    202    39  0.000  0.000
   1144  38.13   0.537          [399, 49, 438, 251]    202    39  0.000  0.000
   1145  38.17   0.474          [399, 49, 438, 251]    202    39  0.000  0.000
   1146  38.20   0.239          [399, 49, 438, 250]    201    39  0.000  0.000
   1147  38.23   0.239          [399, 49, 438, 250]    201    39  0.000  0.000
   1148  38.27   0.260          [399, 49, 438, 250]    201    39  0.000  0.000
   1149  38.30   0.273          [399, 49, 438, 250]    201    39  0.000  0.000
   1150  38.33   0.219          [399, 49, 438, 250]    201    39  0.000  0.000
   1151  38.37   0.377          [395, 52, 440, 397]    346    44  0.000  0.000
   1152  38.40   0.364          [395, 52, 440, 397]    345    44  0.000  0.000
   1153  38.43   0.483          [395, 51, 440, 397]    346    45  0.000  0.000
   1154  38.47   0.429          [395, 52, 440, 397]    345    44  0.000  0.000
   1155  38.50   0.344          [396, 50, 439, 398]    348    44  0.000  0.000
   1156  38.53   0.360          [396, 50, 439, 398]    348    44  0.000  0.000
   1157  38.57   0.459          [396, 49, 439, 398]    350    43  0.000  0.000
   1158  38.60   0.446          [396, 49, 439, 398]    349    43  0.000  0.000
   1159  38.63   0.292          [396, 49, 439, 399]    349    43  0.000  0.000
   1160  38.67   0.234          [396, 51, 439, 398]    348    43  0.000  0.000
   1161  38.70   0.183          [396, 54, 439, 399]    345    42  0.000  0.000
   1162  38.73   0.147         [401, 231, 435, 396]    165    34  0.000  0.000
   1163  38.77   0.168         [402, 232, 435, 398]    166    33  0.000  0.000
   1164  38.80   0.166         [402, 232, 435, 398]    166    33  0.000  0.000
   1165  38.83   0.120         [402, 233, 435, 398]    165    33  0.000  0.000
   1166  38.87   0.175          [396, 54, 439, 401]    347    43  0.000  0.000
   1167  38.90   0.148          [396, 54, 439, 402]    348    43  0.000  0.000
   1168  38.93   0.161          [396, 54, 439, 402]    348    43  0.000  0.000
   1169  38.97   0.152          [396, 54, 439, 402]    348    43  0.000  0.000
   1170  39.00   0.171          [395, 56, 439, 402]    346    44  0.000  0.000
   1171  39.03   0.537          [395, 49, 440, 401]    353    44  0.000  0.000
   1172  39.07   0.549          [395, 49, 440, 401]    352    44  0.000  0.000
   1173  39.10   0.415          [396, 49, 440, 401]    352    44  0.000  0.000
   1174  39.13   0.453          [396, 48, 439, 401]    352    44  0.000  0.000
   1175  39.17   0.236          [396, 49, 439, 401]    352    43  0.000  0.000
   1176  39.20   0.250          [396, 49, 439, 400]    352    43  0.000  0.000
   1177  39.23   0.275          [396, 49, 439, 401]    352    43  0.000  0.000
   1178  39.27   0.194          [397, 50, 439, 395]    346    42  0.000  0.000
   1179  39.30   0.498          [396, 50, 439, 396]    346    43  0.000  0.000
   1180  39.33   0.482          [397, 50, 439, 396]    346    42  0.000  0.000
   1181  39.37   0.432          [397, 51, 439, 396]    345    42  0.000  0.000
   1182  39.40   0.376          [397, 51, 439, 396]    345    42  0.000  0.000
   1183  39.43   0.161          [397, 50, 438, 398]    348    41  0.000  0.000
   1184  39.47   0.108          [397, 54, 438, 398]    344    40  0.000  0.000
   1185  39.50   0.105          [398, 56, 438, 398]    343    40  0.000  0.000
   1186  39.53   0.163          [397, 51, 439, 398]    347    42  0.000  0.000
   1187  39.57   0.158          [398, 51, 439, 393]    342    41  0.000  0.000
   1188  39.60   0.177          [398, 51, 439, 393]    342    41  0.000  0.000
   1189  39.63   0.366          [398, 51, 440, 393]    341    42  0.000  0.000
   1190  39.67   0.506          [398, 51, 440, 393]    342    42  0.000  0.000
   1191  39.70   0.518          [398, 51, 440, 392]    341    42  0.000  0.000
   1192  39.73   0.521          [398, 51, 440, 392]    341    42  0.000  0.000
   1193  39.77   0.528          [398, 51, 440, 392]    341    43  0.000  0.000
   1194  39.80   0.546          [398, 51, 441, 391]    341    43  0.000  0.000
   1195  39.83   0.533          [398, 51, 441, 391]    340    43  0.000  0.000
   1196  39.87   0.549          [398, 51, 441, 391]    340    43  0.000  0.000
   1197  39.90   0.546          [398, 51, 441, 391]    340    43  0.000  0.000
   1198  39.93   0.567          [398, 51, 441, 391]    340    43  0.000  0.000
   1199  39.97   0.563          [398, 51, 441, 391]    340    43  0.000  0.000
   1200  40.00   0.689          [399, 52, 439, 389]    337    40  0.000  0.000
   1201  40.03   0.683          [399, 51, 439, 389]    337    40  0.000  0.000
   1202  40.07   0.689          [399, 51, 439, 389]    337    40  0.000  0.000
   1203  40.10   0.686          [399, 51, 439, 389]    337    40  0.000  0.000
   1204  40.13   0.700          [399, 51, 439, 389]    337    40  0.000  0.000
   1205  40.17   0.692          [399, 51, 439, 389]    337    40  0.000  0.000
   1206  40.20   0.699          [399, 51, 439, 389]    337    40  0.000  0.000
   1207  40.23   0.696          [399, 51, 439, 389]    337    40  0.000  0.000
   1208  40.27   0.709          [399, 51, 439, 389]    337    40  0.000  0.000
   1209  40.30   0.737          [399, 51, 439, 389]    338    40  0.000  0.000
   1210  40.33   0.746          [399, 51, 439, 389]    338    40  0.000  0.000

==============================================================================
[C] 落地段(28s-70s) RB 框上下边沿趋势, 每 2 秒取中位
==============================================================================
         时段    帧数    y1中位    y2中位     h中位     w中位   y2/H    h/w     分中位
     28-30s    60    51.1   369.1   316.4    42.8   0.77   7.40   0.663
     30-32s    60    56.3   367.1   309.0    38.5   0.76   8.02   0.688
     32-34s    60    49.3   274.9   223.8    37.7   0.57   5.94   0.732
     34-36s    60    48.9   260.5   211.7    39.2   0.54   5.40   0.706
     36-38s    60    49.3   252.4   203.0    40.6   0.53   4.99   0.707
     38-40s    37    50.0   392.9   341.7    43.2   0.82   7.91   0.483
     40-42s    60    50.6   389.3   338.8    39.9   0.81   8.48   0.763
     42-44s    60    50.1   388.3   338.1    41.0   0.81   8.24   0.782
     44-46s    60    50.4   384.6   334.1    37.3   0.80   8.95   0.727
     46-48s    60    49.7   389.6   339.9    37.5   0.81   9.07   0.644
     48-50s    60    49.5   390.4   341.0    35.8   0.81   9.53   0.591
     50-52s    60    50.4   385.4   335.0    33.4   0.80  10.02   0.604
     52-54s    60    50.3   380.1   329.7    34.8   0.79   9.47   0.655
     54-56s    60    49.8   379.9   330.2    35.0   0.79   9.43   0.673
     56-58s    60    50.0   380.6   330.3    35.0   0.79   9.43   0.660
     58-60s    60    49.4   381.1   331.8    35.7   0.79   9.29   0.654
     60-62s    60    49.6   383.4   333.8    35.7   0.80   9.35   0.591
     62-64s    60    49.6   382.5   332.9    35.7   0.80   9.33   0.570
     64-66s    60    49.3   380.9   331.7    34.0   0.79   9.74   0.598
     66-68s    60    49.3   381.6   332.3    33.9   0.79   9.80   0.568
     68-70s    42    49.1   380.0   330.8    33.5   0.79   9.89   0.615

==============================================================================
[D] 前段 7s-15s RB 框尺寸(判断能否用于测角)
==============================================================================
         时段    帧数     w中位     h中位      最短边中位    w>=20且h>=20帧数
       7-8s    13    10.0    10.2       10.0                0
       8-9s    27     9.9    13.3        9.9                0
      9-10s    22    12.1    20.2       12.1                0
     10-11s    30    16.0    42.1       16.0                0
     11-12s    30    21.0    52.8       21.0               24
     12-13s    30    25.2    63.6       25.2               30
     13-14s    30    27.9    72.1       27.9               30
     14-15s    30    34.0    86.2       34.0               30
     15-16s    30    36.1    99.9       36.1               30
